0 273000000 046d:c016 mouse
0 336000000 2 1 28 85
0 261000000 1 1 -97 -4
0 258000000 2 1 -101 -127
0 300000000 2 2 -53 112
1 268000000 2 2 -90 -18
1 257000000 0 0 -20 85
1 306000000 1 0 44 17
0 310000000 1 0 -97 123
1 304000000 0 0 -8 84
1 308000000 2 0 97 6
0 278000000 2 1 67 79
0 346000000 0 0 -54 54
0 349000000 2 1 45 -16
2 302000000 2 2 85 -106
0 345000000 2 0 94 25
0 260000000 2 0 13 92
0 334000000 0 2 50 126
0 332000000 0 1 90 11
1 325000000 1 2 58 -25
2 259000000 1 0 -124 -95
0 328000000 2 1 67 -38
0 315000000 1 0 18 113
2 289000000 1 2 76 73
0 349000000 0 1 -53 115
1 341000000 0 1 92 -91
2 319000000 0 2 -67 -29
1 332000000 0 2 105 82
2 296000000 2 1 122 -59
1 257000000 0 1 -82 62
1 336000000 2 0 -56 -26
2 308000000 2 2 25 55
2 302000000 2 0 -2 -22
0 296000000 2 0 57 69
0 270000000 1 1 -127 -109
0 340000000 2 2 40 -48
0 286000000 0 0 -106 -44
1 279000000 0 1 127 -21
1 273000000 0 0 -85 95
2 332000000 0 2 -32 95
2 279000000 0 1 -100 -58
2 253000000 1 0 114 81
0 312000000 0 0 22 -24
2 254000000 2 1 -19 -84
0 293000000 2 1 -39 111
2 282000000 1 0 -28 -24
0 287000000 1 1 -120 30
2 336000000 1 1 110 105
