1 278000000 413c:2003 keyboard
1 307000000 35 1 1
1 317000000 19 1 0
1 329000000 38 0 1
0 298000000 7 0 1
0 332000000 21 0 1
2 339000000 19 0 0
2 318000000 36 0 1
0 265000000 27 1 0
1 275000000 37 0 0
1 270000000 18 1 0
1 289000000 36 1 0
0 277000000 29 1 0
0 319000000 8 1 0
1 339000000 21 1 0
0 260000000 9 1 1
0 284000000 34 0 0
2 343000000 36 1 1
1 297000000 38 1 1
1 313000000 16 0 0
1 336000000 33 1 0
0 252000000 38 1 0
2 341000000 1 0 1
2 340000000 26 0 0
2 270000000 21 0 1
0 339000000 43 0 0
2 317000000 26 1 1
0 302000000 5 0 1
2 347000000 2 0 1
0 348000000 15 0 0
0 341000000 5 0 0
0 346000000 26 1 1
2 337000000 16 0 1
1 266000000 25 1 1
1 320000000 40 0 0
1 335000000 10 1 0
1 307000000 8 0 1
0 272000000 29 0 0
0 264000000 15 0 1
1 334000000 21 1 0
2 337000000 30 0 1
2 307000000 1 0 0
2 334000000 2 0 0
1 281000000 2 1 1
2 270000000 4 1 1
0 295000000 4 0 1
2 339000000 20 0 0
1 302000000 12 0 0
2 276000000 19 0 1
0 294000000 43 0 0
